11.4
11.4
12
12
12
9.4
11.4
11.4
11.4
11.4
6.5
11.4
11.4
11.4
11.4
11.4
8.4
8.4
8.4
8.4
11.4
11.4
11.4
8.4
8.4
8.4
8.4
8.4
8.4
8.4
8.4
9.4
6.5
9.4
8
8
6.5
6.5
8
8
8
6.5
6.5
7.5
7.5
6.5
6.5
6.5
6.5
6.5
6.5
6.5
6.5
6.5
6.5
6.5
6.5
6.5
6.5
6.5
6.5
14.4
6.5
14.4
6.5
6.5
11.4
6.5
6.5
6.5
6.5
12
12
12
8.4
11.4
11.4
8.4
8.4
8.4
8.4
11.4
11.4
11.4
12
6.5
9.4
9.4
9.4
11.4
12
12
8.4
8.4
6.5
8.4
8.4
8.4
8.4
8.4
7.5
7.5
7.5
8.4
7.5
7.5
7.5
6.5
6.5
8.4
8.4
8.4
12
12
12
12
12
12
12
12
12
12
11.4
11.4
11.4
14.4
7.5
7.5
7.5
7.5
6.5
6.5
11.4
6.5
6.5
6.5
6.5
6.5
6.5
6.5
11.4
11.4
11.4
6.5
11.4
11.4
8.4
11.4
6.5
11.4
12
12
12
12
12
12
12
12
12
12
12
12
12
12
12
12
12
12
12
12
12
12
12
12
12
12
12
12
12
12
12
7.5
11.4
14.4
8.4
6.5
6.5
7.5
7.5
6.5
6.5
6.5
6.5
6.5
6.5
6.5
6.5
6.5
6.5
6.5
6.5
6.5
8.4
8.4
11.4
11.4
